open_status=0x00000000 source=0 target=2424833
sample,elapsed_us,status,blank,line
0,36.300,0x00000000,1,0
1,4882.200,0x00000000,1,0
2,20483.300,0x00000000,1,0
3,36108.900,0x00000000,1,0
4,51681.000,0x00000000,1,0
5,67279.300,0x00000000,1,0
6,82941.500,0x00000000,1,0
7,98611.300,0x00000000,1,0
8,114112.900,0x00000000,1,0
9,129841.800,0x00000000,1,0
10,145450.900,0x00000000,1,0
11,161072.400,0x00000000,1,0
12,176698.800,0x00000000,1,0
13,192324.500,0x00000000,1,0
14,207949.300,0x00000000,1,0
15,223577.100,0x00000000,1,0
16,239204.500,0x00000000,1,0
17,254828.800,0x00000000,1,0
18,270454.900,0x00000000,1,0
19,286063.300,0x00000000,1,0
20,301706.100,0x00000000,1,0
21,317332.500,0x00000000,1,0
22,332958.000,0x00000000,1,0
23,348589.800,0x00000000,1,0
24,364174.800,0x00000000,1,0
25,379837.900,0x00000000,1,0
26,395461.300,0x00000000,1,0
27,411087.400,0x00000000,1,0
28,426722.800,0x00000000,1,0
29,442339.600,0x00000000,1,0
30,457967.800,0x00000000,1,0
31,473599.800,0x00000000,1,0
32,489227.100,0x00000000,1,0
33,504845.800,0x00000000,1,0
34,520473.900,0x00000000,1,0
35,536096.200,0x00000000,1,0
36,551730.500,0x00000000,1,0
37,567356.100,0x00000000,1,0
38,582974.200,0x00000000,1,0
39,598618.300,0x00000000,1,0
40,614205.900,0x00000000,1,0
41,629854.000,0x00000000,1,0
42,645478.100,0x00000000,1,0
43,661105.500,0x00000000,1,0
44,676731.600,0x00000000,1,0
45,692356.200,0x00000000,1,0
46,707982.200,0x00000000,1,0
47,723611.800,0x00000000,1,0
48,739238.500,0x00000000,1,0
49,754866.000,0x00000000,1,0
50,770488.200,0x00000000,1,0
51,786112.000,0x00000000,1,0
52,801739.600,0x00000000,1,0
53,817363.500,0x00000000,1,0
54,832960.500,0x00000000,1,0
55,848623.100,0x00000000,1,0
56,864210.000,0x00000000,1,0
57,879824.200,0x00000000,1,0
58,895502.100,0x00000000,1,0
59,911119.300,0x00000000,1,0
60,926789.400,0x00000000,1,0
61,942386.000,0x00000000,1,0
62,958000.100,0x00000000,1,0
63,973626.200,0x00000000,1,0
64,989254.200,0x00000000,1,0
65,1004876.400,0x00000000,1,0
66,1020502.000,0x00000000,1,0
67,1036356.200,0x00000000,1,0
68,1051788.700,0x00000000,1,0
69,1067326.700,0x00000000,1,0
70,1082966.400,0x00000000,1,0
71,1098632.900,0x00000000,1,0
72,1114264.900,0x00000000,1,0
73,1129887.300,0x00000000,1,0
74,1145518.800,0x00000000,1,0
75,1161145.300,0x00000000,1,0
76,1176762.900,0x00000000,1,0
77,1192390.300,0x00000000,1,0
78,1208012.900,0x00000000,1,0
79,1223640.000,0x00000000,1,0
80,1239265.500,0x00000000,1,0
81,1254899.900,0x00000000,1,0
82,1270516.700,0x00000000,1,0
83,1286153.200,0x00000000,1,0
84,1301769.200,0x00000000,1,0
85,1317398.100,0x00000000,1,0
86,1333020.800,0x00000000,1,0
87,1348590.800,0x00000000,1,0
88,1364279.300,0x00000000,1,0
89,1379899.000,0x00000000,1,0
90,1395526.100,0x00000000,1,0
91,1411150.400,0x00000000,1,0
92,1426779.000,0x00000000,1,0
93,1442403.100,0x00000000,1,0
94,1458037.200,0x00000000,1,0
95,1473655.700,0x00000000,1,0
96,1489284.200,0x00000000,1,0
97,1504907.100,0x00000000,1,0
98,1520537.700,0x00000000,1,0
99,1536158.900,0x00000000,1,0
100,1551683.500,0x00000000,1,0
101,1567462.900,0x00000000,1,0
102,1582971.400,0x00000000,1,0
103,1598584.400,0x00000000,1,0
104,1614200.200,0x00000000,1,0
105,1629950.600,0x00000000,1,0
106,1645533.000,0x00000000,1,0
107,1661142.200,0x00000000,1,0
108,1676797.300,0x00000000,1,0
109,1692419.900,0x00000000,1,0
110,1708046.300,0x00000000,1,0
111,1723673.300,0x00000000,1,0
112,1739298.500,0x00000000,1,0
113,1754926.100,0x00000000,1,0
114,1770550.400,0x00000000,1,0
115,1786185.100,0x00000000,1,0
116,1801784.300,0x00000000,1,0
117,1817427.800,0x00000000,1,0
118,1833059.600,0x00000000,1,0
119,1848638.600,0x00000000,1,0
120,1864260.600,0x00000000,1,0
121,1879934.000,0x00000000,1,0
122,1895559.500,0x00000000,1,0
123,1911184.500,0x00000000,1,0
124,1926810.800,0x00000000,1,0
125,1942437.800,0x00000000,1,0
126,1957973.600,0x00000000,1,0
127,1973687.400,0x00000000,1,0
128,1989321.200,0x00000000,1,0
129,2004949.000,0x00000000,1,0
130,2020568.800,0x00000000,1,0
131,2036150.200,0x00000000,1,0
132,2051837.200,0x00000000,1,0
133,2067452.400,0x00000000,1,0
134,2083073.800,0x00000000,1,0
135,2098594.900,0x00000000,1,0
136,2114299.700,0x00000000,1,0
137,2129972.000,0x00000000,1,0
138,2145584.900,0x00000000,1,0
139,2161276.700,0x00000000,1,0
140,2176845.600,0x00000000,1,0
141,2192410.600,0x00000000,1,0
142,2208078.200,0x00000000,1,0
143,2223704.900,0x00000000,1,0
144,2239330.500,0x00000000,1,0
145,2254957.000,0x00000000,1,0
146,2270584.400,0x00000000,1,0
147,2286172.100,0x00000000,1,0
148,2301834.500,0x00000000,1,0
149,2317475.100,0x00000000,1,0
150,2333090.000,0x00000000,1,0
151,2348730.700,0x00000000,1,0
152,2364342.300,0x00000000,1,0
153,2379964.900,0x00000000,1,0
154,2395590.400,0x00000000,1,0
155,2411219.100,0x00000000,1,0
156,2426873.000,0x00000000,1,0
157,2442472.200,0x00000000,1,0
158,2458096.200,0x00000000,1,0
159,2473730.000,0x00000000,1,0
160,2489348.400,0x00000000,1,0
161,2504973.400,0x00000000,1,0
162,2520628.300,0x00000000,1,0
163,2536229.900,0x00000000,1,0
164,2551859.800,0x00000000,1,0
165,2567479.200,0x00000000,1,0
166,2583058.900,0x00000000,1,0
167,2598741.800,0x00000000,1,0
168,2614390.900,0x00000000,1,0
169,2630017.800,0x00000000,1,0
170,2645613.400,0x00000000,1,0
171,2661240.000,0x00000000,1,0
172,2676865.800,0x00000000,1,0
173,2692486.900,0x00000000,1,0
174,2708111.400,0x00000000,1,0
175,2723739.300,0x00000000,1,0
176,2739363.800,0x00000000,1,0
177,2754990.800,0x00000000,1,0
178,2770616.300,0x00000000,1,0
179,2786247.600,0x00000000,1,0
180,2801867.700,0x00000000,1,0
181,2817493.200,0x00000000,1,0
182,2833079.100,0x00000000,1,0
183,2848749.700,0x00000000,1,0
184,2864379.400,0x00000000,1,0
185,2879907.000,0x00000000,1,0
186,2895621.600,0x00000000,1,0
187,2911259.600,0x00000000,1,0
188,2926876.400,0x00000000,1,0
189,2942501.900,0x00000000,1,0
190,2958129.500,0x00000000,1,0
191,2973754.800,0x00000000,1,0
192,2989384.800,0x00000000,1,0
193,3005006.000,0x00000000,1,0
194,3020632.300,0x00000000,1,0
195,3036266.300,0x00000000,1,0
196,3051928.600,0x00000000,1,0
197,3067512.400,0x00000000,1,0
198,3083096.100,0x00000000,1,0
199,3098770.700,0x00000000,1,0
200,3114402.200,0x00000000,1,0
201,3130060.500,0x00000000,1,0
202,3145665.200,0x00000000,1,0
203,3161294.400,0x00000000,1,0
204,3176896.400,0x00000000,1,0
205,3192521.100,0x00000000,1,0
206,3208143.800,0x00000000,1,0
207,3223770.100,0x00000000,1,0
208,3239396.100,0x00000000,1,0
209,3255022.700,0x00000000,1,0
210,3270647.100,0x00000000,1,0
211,3286274.100,0x00000000,1,0
212,3301912.300,0x00000000,1,0
213,3317561.300,0x00000000,1,0
214,3333107.900,0x00000000,1,0
215,3348777.500,0x00000000,1,0
216,3364405.000,0x00000000,1,0
217,3380031.400,0x00000000,1,0
218,3395656.100,0x00000000,1,0
219,3411285.600,0x00000000,1,0
220,3426910.300,0x00000000,1,0
221,3442533.800,0x00000000,1,0
222,3458160.600,0x00000000,1,0
223,3473785.500,0x00000000,1,0
224,3489413.500,0x00000000,1,0
225,3505038.300,0x00000000,1,0
226,3520667.800,0x00000000,1,0
227,3536290.300,0x00000000,1,0
228,3551940.100,0x00000000,1,0
229,3567550.100,0x00000000,1,0
230,3583202.700,0x00000000,1,0
231,3598794.600,0x00000000,1,0
232,3614448.600,0x00000000,1,0
233,3630055.600,0x00000000,1,0
234,3645671.900,0x00000000,1,0
235,3661299.200,0x00000000,1,0
236,3676926.800,0x00000000,1,0
237,3692551.400,0x00000000,1,0
238,3708176.300,0x00000000,1,0
239,3723802.700,0x00000000,1,0
240,3739430.300,0x00000000,1,0
241,3755062.300,0x00000000,1,0
242,3770584.400,0x00000000,1,0
243,3786274.500,0x00000000,1,0
244,3801881.600,0x00000000,1,0
245,3817511.600,0x00000000,1,0
246,3833104.500,0x00000000,1,0
247,3848755.300,0x00000000,1,0
248,3864537.600,0x00000000,1,0
249,3880063.500,0x00000000,1,0
250,3895687.600,0x00000000,1,0
251,3911314.000,0x00000000,1,0
252,3926982.600,0x00000000,1,0
253,3942572.700,0x00000000,1,0
254,3958194.200,0x00000000,1,0
255,3973818.300,0x00000000,1,0
256,3989407.200,0x00000000,1,0
257,4004958.400,0x00000000,1,0
258,4020705.300,0x00000000,1,0
259,4048706.800,0x00000000,1,0
260,4051902.500,0x00000000,1,0
261,4067482.900,0x00000000,1,0
262,4083226.100,0x00000000,1,0
263,4098767.200,0x00000000,1,0
264,4114463.000,0x00000000,1,0
265,4130090.800,0x00000000,1,0
266,4149721.000,0x00000000,1,0
267,4161344.700,0x00000000,1,0
268,4176919.700,0x00000000,1,0
269,4192542.000,0x00000000,1,0
270,4208166.500,0x00000000,1,0
271,4223885.000,0x00000000,1,0
272,4239469.600,0x00000000,1,0
273,4255096.200,0x00000000,1,0
274,4270713.500,0x00000000,1,0
275,4286339.300,0x00000000,1,0
276,4301964.200,0x00000000,1,0
277,4317548.600,0x00000000,1,0
278,4333217.400,0x00000000,1,0
279,4348846.800,0x00000000,1,0
280,4364492.600,0x00000000,1,0
281,4380103.500,0x00000000,1,0
282,4395719.700,0x00000000,1,0
283,4411347.500,0x00000000,1,0
284,4426976.100,0x00000000,1,0
285,4442598.100,0x00000000,1,0
286,4458225.300,0x00000000,1,0
287,4473851.900,0x00000000,1,0
288,4489476.100,0x00000000,1,0
289,4505101.500,0x00000000,1,0
290,4520731.900,0x00000000,1,0
291,4536362.600,0x00000000,1,0
292,4551980.200,0x00000000,1,0
293,4567563.500,0x00000000,1,0
294,4583239.900,0x00000000,1,0
295,4598859.500,0x00000000,1,0
296,4614477.700,0x00000000,1,0
297,4630099.600,0x00000000,1,0
298,4645736.800,0x00000000,1,0
299,4661364.100,0x00000000,1,0
300,4676993.200,0x00000000,1,0
301,4692614.200,0x00000000,1,0
302,4708239.200,0x00000000,1,0
303,4723824.300,0x00000000,1,0
304,4739491.700,0x00000000,1,0
305,4755119.500,0x00000000,1,0
306,4770750.400,0x00000000,1,0
307,4786375.300,0x00000000,1,0
308,4801995.300,0x00000000,1,0
309,4817577.300,0x00000000,1,0
310,4833249.400,0x00000000,1,0
311,4848883.500,0x00000000,1,0
312,4864501.800,0x00000000,1,0
313,4880126.800,0x00000000,1,0
314,4895751.700,0x00000000,1,0
315,4911393.700,0x00000000,1,0
316,4926955.000,0x00000000,1,0
317,4942641.900,0x00000000,1,0
318,4958257.500,0x00000000,1,0
319,4973884.600,0x00000000,1,0
320,4989509.000,0x00000000,1,0
321,5005134.200,0x00000000,1,0
322,5020759.400,0x00000000,1,0
323,5036395.900,0x00000000,1,0
324,5052017.700,0x00000000,1,0
325,5067647.500,0x00000000,1,0
326,5083271.900,0x00000000,1,0
327,5098899.700,0x00000000,1,0
328,5114521.100,0x00000000,1,0
329,5130148.700,0x00000000,1,0
330,5145776.100,0x00000000,1,0
331,5161326.300,0x00000000,1,0
332,5177022.700,0x00000000,1,0
333,5192635.400,0x00000000,1,0
334,5208271.700,0x00000000,1,0
335,5223906.600,0x00000000,1,0
336,5239524.900,0x00000000,1,0
337,5255150.600,0x00000000,1,0
338,5270782.100,0x00000000,1,0
339,5286408.200,0x00000000,1,0
340,5301984.400,0x00000000,1,0
341,5317654.700,0x00000000,1,0
342,5333279.300,0x00000000,1,0
343,5349001.300,0x00000000,1,0
344,5364533.400,0x00000000,1,0
345,5380165.200,0x00000000,1,0
346,5395784.600,0x00000000,1,0
347,5411417.300,0x00000000,1,0
348,5427039.900,0x00000000,1,0
349,5442664.000,0x00000000,1,0
350,5458288.600,0x00000000,1,0
351,5473916.800,0x00000000,1,0
352,5489541.000,0x00000000,1,0
353,5505193.700,0x00000000,1,0
354,5520799.400,0x00000000,1,0
355,5536424.600,0x00000000,1,0
356,5552001.900,0x00000000,1,0
357,5567672.900,0x00000000,1,0
358,5583304.500,0x00000000,1,0
359,5598934.200,0x00000000,1,0
360,5614556.600,0x00000000,1,0
361,5630181.800,0x00000000,1,0
362,5645806.800,0x00000000,1,0
363,5661436.400,0x00000000,1,0
364,5677059.100,0x00000000,1,0
365,5692679.200,0x00000000,1,0
366,5708306.100,0x00000000,1,0
367,5723940.200,0x00000000,1,0
368,5739557.800,0x00000000,1,0
369,5755184.900,0x00000000,1,0
370,5770810.700,0x00000000,1,0
371,5786438.300,0x00000000,1,0
372,5802016.800,0x00000000,1,0
373,5817687.300,0x00000000,1,0
374,5833318.300,0x00000000,1,0
375,5849214.100,0x00000000,1,0
376,5864568.600,0x00000000,1,0
377,5880192.000,0x00000000,1,0
378,5895818.800,0x00000000,1,0
379,5911444.900,0x00000000,1,0
380,5927070.400,0x00000000,1,0
381,5942695.600,0x00000000,1,0
382,5958324.700,0x00000000,1,0
383,5973949.900,0x00000000,1,0
384,5989581.500,0x00000000,1,0
385,6005201.000,0x00000000,1,0
386,6020825.200,0x00000000,1,0
387,6036460.600,0x00000000,1,0
388,6052041.800,0x00000000,1,0
389,6067706.900,0x00000000,1,0
390,6083337.300,0x00000000,1,0
391,6098957.300,0x00000000,1,0
392,6114618.400,0x00000000,1,0
393,6130169.700,0x00000000,1,0
394,6145819.800,0x00000000,1,0
395,6161454.500,0x00000000,1,0
396,6178968.600,0x00000000,1,0
397,6192729.500,0x00000000,1,0
398,6208337.400,0x00000000,1,0
399,6223963.500,0x00000000,1,0
400,6239619.700,0x00000000,1,0
401,6255181.800,0x00000000,1,0
402,6270847.200,0x00000000,1,0
403,6286467.900,0x00000000,1,0
404,6302053.000,0x00000000,1,0
405,6317721.600,0x00000000,1,0
406,6333345.700,0x00000000,1,0
407,6348972.000,0x00000000,1,0
408,6364610.800,0x00000000,1,0
409,6380226.000,0x00000000,1,0
410,6395850.800,0x00000000,1,0
411,6411477.200,0x00000000,1,0
412,6427105.800,0x00000000,1,0
413,6442736.200,0x00000000,1,0
414,6458355.200,0x00000000,1,0
415,6473982.100,0x00000000,1,0
416,6489606.800,0x00000000,1,0
417,6505247.000,0x00000000,1,0
418,6520858.700,0x00000000,1,0
419,6536442.900,0x00000000,1,0
420,6552110.200,0x00000000,1,0
421,6567737.200,0x00000000,1,0
422,6583371.500,0x00000000,1,0
423,6598997.000,0x00000000,1,0
424,6614650.800,0x00000000,1,0
425,6630252.700,0x00000000,1,0
426,6645888.800,0x00000000,1,0
427,6661428.400,0x00000000,1,0
428,6677140.800,0x00000000,1,0
429,6692668.000,0x00000000,1,0
430,6708395.900,0x00000000,1,0
431,6723996.400,0x00000000,1,0
432,6739628.500,0x00000000,1,0
433,6755250.100,0x00000000,1,0
434,6770784.100,0x00000000,1,0
435,6786462.700,0x00000000,1,0
436,6802126.200,0x00000000,1,0
437,6817754.200,0x00000000,1,0
438,6833401.700,0x00000000,1,0
439,6849009.600,0x00000000,1,0
440,6864632.400,0x00000000,1,0
441,6880256.900,0x00000000,1,0
442,6895891.400,0x00000000,1,0
443,6911508.300,0x00000000,1,0
444,6927173.900,0x00000000,1,0
445,6942766.700,0x00000000,1,0
446,6958393.100,0x00000000,1,0
447,6974017.600,0x00000000,1,0
448,6989646.700,0x00000000,1,0
449,7005264.500,0x00000000,1,0
450,7020889.600,0x00000000,1,0
451,7036471.800,0x00000000,1,0
452,7052145.600,0x00000000,1,0
453,7067770.900,0x00000000,1,0
454,7083419.400,0x00000000,1,0
455,7099076.300,0x00000000,1,0
456,7114656.900,0x00000000,1,0
457,7130288.700,0x00000000,1,0
458,7145898.500,0x00000000,1,0
459,7161526.000,0x00000000,1,0
460,7177181.800,0x00000000,1,0
461,7192806.500,0x00000000,1,0
462,7208417.700,0x00000000,1,0
463,7224028.500,0x00000000,1,0
464,7239655.500,0x00000000,1,0
465,7255281.500,0x00000000,1,0
466,7270907.200,0x00000000,1,0
467,7286488.000,0x00000000,1,0
468,7302159.800,0x00000000,1,0
469,7317786.400,0x00000000,1,0
470,7333421.500,0x00000000,1,0
471,7349038.100,0x00000000,1,0
472,7364674.700,0x00000000,1,0
473,7380289.300,0x00000000,1,0
474,7395915.400,0x00000000,1,0
475,7411540.600,0x00000000,1,0
476,7427175.800,0x00000000,1,0
477,7442793.300,0x00000000,1,0
478,7458426.000,0x00000000,1,0
479,7474046.400,0x00000000,1,0
480,7489672.500,0x00000000,1,0
481,7505305.600,0x00000000,1,0
482,7520945.800,0x00000000,1,0
483,7536511.100,0x00000000,1,0
484,7552176.500,0x00000000,1,0
485,7567806.400,0x00000000,1,0
486,7583432.900,0x00000000,1,0
487,7599043.900,0x00000000,1,0
488,7614689.000,0x00000000,1,0
489,7630312.600,0x00000000,1,0
490,7645929.700,0x00000000,1,0
491,7661557.100,0x00000000,1,0
492,7677191.900,0x00000000,1,0
493,7692711.500,0x00000000,1,0
494,7708437.800,0x00000000,1,0
495,7724060.500,0x00000000,1,0
496,7739689.700,0x00000000,1,0
497,7755313.600,0x00000000,1,0
498,7770938.200,0x00000000,1,0
499,7786572.200,0x00000000,1,0
500,7802193.200,0x00000000,1,0
501,7817816.100,0x00000000,1,0
502,7833448.100,0x00000000,1,0
503,7849069.000,0x00000000,1,0
504,7864703.600,0x00000000,1,0
505,7880320.400,0x00000000,1,0
506,7895947.400,0x00000000,1,0
507,7911573.300,0x00000000,1,0
508,7927200.800,0x00000000,1,0
509,7942825.400,0x00000000,1,0
510,7958451.900,0x00000000,1,0
511,7974076.500,0x00000000,1,0
512,7989771.600,0x00000000,1,0
513,8005327.900,0x00000000,1,0
514,8020909.800,0x00000000,1,0
515,8036586.300,0x00000000,1,0
516,8052209.700,0x00000000,1,0
517,8067835.700,0x00000000,1,0
518,8083465.500,0x00000000,1,0
519,8099073.600,0x00000000,1,0
520,8114725.800,0x00000000,1,0
521,8130325.900,0x00000000,1,0
522,8145963.200,0x00000000,1,0
523,8161589.300,0x00000000,1,0
524,8177224.200,0x00000000,1,0
525,8192766.800,0x00000000,1,0
526,8208468.700,0x00000000,1,0
527,8224091.400,0x00000000,1,0
528,8239720.200,0x00000000,1,0
529,8255345.500,0x00000000,1,0
530,8270927.500,0x00000000,1,0
531,8286597.200,0x00000000,1,0
532,8302224.400,0x00000000,1,0
533,8317852.800,0x00000000,1,0
534,8333493.300,0x00000000,1,0
535,8349102.800,0x00000000,1,0
536,8364728.800,0x00000000,1,0
537,8380353.200,0x00000000,1,0
538,8395979.400,0x00000000,1,0
539,8411604.900,0x00000000,1,0
540,8427232.700,0x00000000,1,0
541,8442857.000,0x00000000,1,0
542,8458484.700,0x00000000,1,0
543,8474108.500,0x00000000,1,0
544,8489737.400,0x00000000,1,0
545,8505370.600,0x00000000,1,0
546,8520957.000,0x00000000,1,0
547,8536613.900,0x00000000,1,0
548,8552240.500,0x00000000,1,0
549,8567866.700,0x00000000,1,0
550,8583503.600,0x00000000,1,0
551,8599122.400,0x00000000,1,0
552,8614685.200,0x00000000,1,0
553,8630374.300,0x00000000,1,0
554,8645994.900,0x00000000,1,0
555,8661645.700,0x00000000,1,0
556,8677256.900,0x00000000,1,0
557,8692873.700,0x00000000,1,0
558,8708501.000,0x00000000,1,0
559,8724126.600,0x00000000,1,0
560,8739753.200,0x00000000,1,0
561,8755378.900,0x00000000,1,0
562,8770958.400,0x00000000,1,0
563,8786629.800,0x00000000,1,0
564,8802258.000,0x00000000,1,0
565,8817881.900,0x00000000,1,0
566,8833514.200,0x00000000,1,0
567,8849134.400,0x00000000,1,0
568,8864829.300,0x00000000,1,0
569,8880395.000,0x00000000,1,0
570,8895927.300,0x00000000,1,0
571,8911610.900,0x00000000,1,0
572,8927282.600,0x00000000,1,0
573,8942896.800,0x00000000,1,0
574,8958452.500,0x00000000,1,0
575,8974093.000,0x00000000,1,0
576,8989852.800,0x00000000,1,0
577,9005393.600,0x00000000,1,0
578,9020974.400,0x00000000,1,0
579,9036646.500,0x00000000,1,0
580,9052285.900,0x00000000,1,0
581,9067899.900,0x00000000,1,0
582,9083539.100,0x00000000,1,0
583,9099154.900,0x00000000,1,0
584,9114777.000,0x00000000,1,0
585,9130408.400,0x00000000,1,0
586,9146028.600,0x00000000,1,0
587,9161662.900,0x00000000,1,0
588,9177306.600,0x00000000,1,0
589,9192874.700,0x00000000,1,0
590,9208547.700,0x00000000,1,0
591,9224159.300,0x00000000,1,0
592,9239787.200,0x00000000,1,0
593,9255370.300,0x00000000,1,0
594,9271035.800,0x00000000,1,0
595,9286662.100,0x00000000,1,0
596,9302289.200,0x00000000,1,0
597,9317914.400,0x00000000,1,0
598,9333540.400,0x00000000,1,0
599,9349174.500,0x00000000,1,0
600,9364794.500,0x00000000,1,0
601,9380419.400,0x00000000,1,0
602,9396049.600,0x00000000,1,0
603,9411672.500,0x00000000,1,0
604,9427300.200,0x00000000,1,0
605,9442924.600,0x00000000,1,0
606,9458553.600,0x00000000,1,0
607,9474184.100,0x00000000,1,0
608,9489800.900,0x00000000,1,0
609,9505387.300,0x00000000,1,0
610,9521068.000,0x00000000,1,0
611,9536679.300,0x00000000,1,0
612,9552305.900,0x00000000,1,0
613,9567931.900,0x00000000,1,0
614,9583573.400,0x00000000,1,0
615,9599189.200,0x00000000,1,0
616,9614810.100,0x00000000,1,0
617,9630441.100,0x00000000,1,0
618,9646067.300,0x00000000,1,0
619,9661688.700,0x00000000,1,0
620,9677321.700,0x00000000,1,0
621,9692938.300,0x00000000,1,0
622,9708564.700,0x00000000,1,0
623,9724190.000,0x00000000,1,0
624,9739818.000,0x00000000,1,0
625,9755400.200,0x00000000,1,0
626,9771068.700,0x00000000,1,0
627,9786694.700,0x00000000,1,0
628,9802322.600,0x00000000,1,0
629,9817946.100,0x00000000,1,0
630,9833576.700,0x00000000,1,0
631,9849198.200,0x00000000,1,0
632,9864850.300,0x00000000,1,0
633,9880451.400,0x00000000,1,0
634,9896083.600,0x00000000,1,0
635,9911704.300,0x00000000,1,0
636,9927370.700,0x00000000,1,0
637,9942960.700,0x00000000,1,0
638,9958587.500,0x00000000,1,0
639,9974206.300,0x00000000,1,0
640,9989839.600,0x00000000,1,0
641,10005413.700,0x00000000,1,0
642,10021084.900,0x00000000,1,0
643,10036713.600,0x00000000,1,0
644,10052342.600,0x00000000,1,0
645,10067964.900,0x00000000,1,0
646,10083599.200,0x00000000,1,0
647,10099174.700,0x00000000,1,0
648,10114841.400,0x00000000,1,0
649,10130477.800,0x00000000,1,0
650,10146092.800,0x00000000,1,0
651,10161720.000,0x00000000,1,0
652,10177350.500,0x00000000,1,0
653,10192963.700,0x00000000,1,0
654,10208615.200,0x00000000,1,0
655,10224224.200,0x00000000,1,0
656,10239848.900,0x00000000,1,0
657,10255438.800,0x00000000,1,0
658,10271103.100,0x00000000,1,0
659,10286718.300,0x00000000,1,0
660,10302354.000,0x00000000,1,0
661,10317980.700,0x00000000,1,0
662,10333605.800,0x00000000,1,0
663,10349232.100,0x00000000,1,0
664,10364825.800,0x00000000,1,0
665,10380442.800,0x00000000,1,0
666,10396122.100,0x00000000,1,0
667,10411735.500,0x00000000,1,0
668,10427367.700,0x00000000,1,0
669,10442989.600,0x00000000,1,0
670,10458617.100,0x00000000,1,0
671,10474238.900,0x00000000,1,0
672,10489865.100,0x00000000,1,0
673,10505499.800,0x00000000,1,0
674,10521120.300,0x00000000,1,0
675,10536742.800,0x00000000,1,0
676,10552368.900,0x00000000,1,0
677,10568003.000,0x00000000,1,0
678,10583637.000,0x00000000,1,0
679,10599249.300,0x00000000,1,0
680,10614889.000,0x00000000,1,0
681,10630510.700,0x00000000,1,0
682,10646129.500,0x00000000,1,0
683,10661989.300,0x00000000,1,0
684,10677367.000,0x00000000,1,0
685,10693005.600,0x00000000,1,0
686,10708629.000,0x00000000,1,0
687,10724255.700,0x00000000,1,0
688,10739873.900,0x00000000,1,0
689,10755471.600,0x00000000,1,0
690,10771132.600,0x00000000,1,0
691,10786759.600,0x00000000,1,0
692,10802394.700,0x00000000,1,0
693,10818012.100,0x00000000,1,0
694,10833648.000,0x00000000,1,0
695,10849264.200,0x00000000,1,0
696,10864890.200,0x00000000,1,0
697,10880524.500,0x00000000,1,0
698,10896140.400,0x00000000,1,0
699,10911766.500,0x00000000,1,0
700,10927393.100,0x00000000,1,0
701,10943021.000,0x00000000,1,0
702,10958646.100,0x00000000,1,0
703,10974271.100,0x00000000,1,0
704,10989852.700,0x00000000,1,0
705,11005525.200,0x00000000,1,0
706,11021148.600,0x00000000,1,0
707,11036800.600,0x00000000,1,0
708,11052392.500,0x00000000,1,0
709,11068034.800,0x00000000,1,0
710,11083667.400,0x00000000,1,0
711,11099285.200,0x00000000,1,0
712,11114905.700,0x00000000,1,0
713,11130544.700,0x00000000,1,0
714,11146161.100,0x00000000,1,0
715,11161791.800,0x00000000,1,0
716,11177364.000,0x00000000,1,0
717,11193047.700,0x00000000,1,0
718,11208606.500,0x00000000,1,0
719,11224287.300,0x00000000,1,0
720,11239868.900,0x00000000,1,0
721,11255547.000,0x00000000,1,0
722,11271165.500,0x00000000,1,0
723,11286772.300,0x00000000,1,0
724,11302416.900,0x00000000,1,0
725,11318039.800,0x00000000,1,0
726,11333674.600,0x00000000,1,0
727,11349306.700,0x00000000,1,0
728,11364922.200,0x00000000,1,0
729,11380547.700,0x00000000,1,0
730,11396173.200,0x00000000,1,0
731,11411800.500,0x00000000,1,0
732,11427428.700,0x00000000,1,0
733,11443057.100,0x00000000,1,0
734,11458679.100,0x00000000,1,0
735,11474304.900,0x00000000,1,0
736,11489885.900,0x00000000,1,0
737,11505555.000,0x00000000,1,0
738,11521184.700,0x00000000,1,0
739,11536806.400,0x00000000,1,0
740,11552432.400,0x00000000,1,0
741,11568060.500,0x00000000,1,0
742,11583595.000,0x00000000,1,0
743,11599357.000,0x00000000,1,0
744,11614941.500,0x00000000,1,0
745,11630566.100,0x00000000,1,0
746,11646235.600,0x00000000,1,0
747,11661854.400,0x00000000,1,0
748,11677445.100,0x00000000,1,0
749,11693071.200,0x00000000,1,0
750,11708698.800,0x00000000,1,0
751,11724338.000,0x00000000,1,0
752,11739871.300,0x00000000,1,0
753,11755493.500,0x00000000,1,0
754,11771159.100,0x00000000,1,0
755,11786844.100,0x00000000,1,0
756,11802415.400,0x00000000,1,0
757,11818079.200,0x00000000,1,0
758,11833709.500,0x00000000,1,0
759,11849334.800,0x00000000,1,0
760,11864958.900,0x00000000,1,0
761,11880585.900,0x00000000,1,0
762,11896162.600,0x00000000,1,0
763,11911833.400,0x00000000,1,0
764,11927457.900,0x00000000,1,0
765,11943084.200,0x00000000,1,0
766,11958711.300,0x00000000,1,0
767,11974337.400,0x00000000,1,0
768,11989962.300,0x00000000,1,0
769,12005599.200,0x00000000,1,0
770,12021222.700,0x00000000,1,0
771,12036840.700,0x00000000,1,0
772,12052464.200,0x00000000,1,0
773,12068118.000,0x00000000,1,0
774,12083722.600,0x00000000,1,0
775,12099353.400,0x00000000,1,0
776,12114971.800,0x00000000,1,0
777,12130606.700,0x00000000,1,0
778,12146233.300,0x00000000,1,0
779,12161849.700,0x00000000,1,0
780,12177475.700,0x00000000,1,0
781,12193104.800,0x00000000,1,0
782,12208736.400,0x00000000,1,0
783,12224275.600,0x00000000,1,0
784,12239978.600,0x00000000,1,0
785,12255608.800,0x00000000,1,0
786,12271231.800,0x00000000,1,0
787,12286843.700,0x00000000,1,0
788,12302482.300,0x00000000,1,0
789,12318116.700,0x00000000,1,0
790,12333740.300,0x00000000,1,0
791,12349364.600,0x00000000,1,0
792,12364958.000,0x00000000,1,0
793,12380571.900,0x00000000,1,0
794,12396246.600,0x00000000,1,0
795,12411867.800,0x00000000,1,0
796,12427519.500,0x00000000,1,0
797,12443132.500,0x00000000,1,0
798,12458744.500,0x00000000,1,0
799,12474324.400,0x00000000,1,0
800,12489994.400,0x00000000,1,0
801,12505530.400,0x00000000,1,0
802,12521276.000,0x00000000,1,0
803,12536893.100,0x00000000,1,0
804,12552499.600,0x00000000,1,0
805,12568133.200,0x00000000,1,0
806,12583755.700,0x00000000,1,0
807,12599393.200,0x00000000,1,0
808,12615009.800,0x00000000,1,0
809,12630631.200,0x00000000,1,0
810,12646256.200,0x00000000,1,0
811,12661889.500,0x00000000,1,0
812,12677514.400,0x00000000,1,0
813,12693134.100,0x00000000,1,0
814,12708776.100,0x00000000,1,0
815,12724341.100,0x00000000,1,0
816,12740011.600,0x00000000,1,0
817,12755644.900,0x00000000,1,0
818,12771263.100,0x00000000,1,0
819,12786888.300,0x00000000,1,0
820,12802520.300,0x00000000,1,0
821,12818142.500,0x00000000,1,0
822,12833768.300,0x00000000,1,0
823,12849394.400,0x00000000,1,0
824,12865020.100,0x00000000,1,0
825,12880647.100,0x00000000,1,0
826,12896271.500,0x00000000,1,0
827,12911896.300,0x00000000,1,0
828,12927561.900,0x00000000,1,0
829,12943156.400,0x00000000,1,0
830,12958777.200,0x00000000,1,0
831,12974356.700,0x00000000,1,0
832,12990027.300,0x00000000,1,0
833,13005654.800,0x00000000,1,0
834,13021279.900,0x00000000,1,0
835,13036905.900,0x00000000,1,0
836,13052538.400,0x00000000,1,0
837,13068158.700,0x00000000,1,0
838,13083783.700,0x00000000,1,0
839,13099420.200,0x00000000,1,0
840,13115036.500,0x00000000,1,0
841,13130663.500,0x00000000,1,0
842,13146286.900,0x00000000,1,0
843,13161915.200,0x00000000,1,0
844,13177545.100,0x00000000,1,0
845,13193167.500,0x00000000,1,0
846,13208781.300,0x00000000,1,0
847,13224429.300,0x00000000,1,0
848,13239987.400,0x00000000,1,0
849,13255677.500,0x00000000,1,0
850,13271296.100,0x00000000,1,0
851,13286921.700,0x00000000,1,0
852,13302546.700,0x00000000,1,0
853,13318175.000,0x00000000,1,0
854,13333799.900,0x00000000,1,0
855,13349426.200,0x00000000,1,0
856,13365052.500,0x00000000,1,0
857,13380678.500,0x00000000,1,0
858,13396303.000,0x00000000,1,0
859,13411929.000,0x00000000,1,0
860,13427558.900,0x00000000,1,0
861,13443191.400,0x00000000,1,0
862,13458764.600,0x00000000,1,0
863,13474433.100,0x00000000,1,0
864,13490059.600,0x00000000,1,0
865,13505686.900,0x00000000,1,0
866,13521315.300,0x00000000,1,0
867,13536937.500,0x00000000,1,0
868,13552568.400,0x00000000,1,0
869,13568198.200,0x00000000,1,0
870,13583816.100,0x00000000,1,0
871,13599457.800,0x00000000,1,0
872,13615067.700,0x00000000,1,0
873,13630695.100,0x00000000,1,0
874,13646319.400,0x00000000,1,0
875,13661946.700,0x00000000,1,0
876,13677575.500,0x00000000,1,0
877,13693206.100,0x00000000,1,0
878,13708784.800,0x00000000,1,0
879,13724453.700,0x00000000,1,0
880,13740070.000,0x00000000,1,0
881,13755735.000,0x00000000,1,0
882,13771336.000,0x00000000,1,0
883,13786953.000,0x00000000,1,0
884,13802583.700,0x00000000,1,0
885,13818231.800,0x00000000,1,0
886,13833834.000,0x00000000,1,0
887,13849458.100,0x00000000,1,0
888,13865084.500,0x00000000,1,0
889,13880711.000,0x00000000,1,0
890,13896335.200,0x00000000,1,0
891,13911960.600,0x00000000,1,0
892,13927586.700,0x00000000,1,0
893,13943215.900,0x00000000,1,0
894,13958795.700,0x00000000,1,0
895,13974464.800,0x00000000,1,0
896,13990094.900,0x00000000,1,0
897,14005728.500,0x00000000,1,0
898,14021283.700,0x00000000,1,0
899,14036923.100,0x00000000,1,0
900,14052621.900,0x00000000,1,0
901,14068184.300,0x00000000,1,0
902,14083819.100,0x00000000,1,0
903,14099395.000,0x00000000,1,0
904,14115158.500,0x00000000,1,0
905,14130735.500,0x00000000,1,0
906,14146352.000,0x00000000,1,0
907,14161977.800,0x00000000,1,0
908,14177604.200,0x00000000,1,0
909,14193232.700,0x00000000,1,0
910,14208810.500,0x00000000,1,0
911,14224482.600,0x00000000,1,0
912,14240117.500,0x00000000,1,0
913,14255692.000,0x00000000,1,0
914,14271365.900,0x00000000,1,0
915,14286986.000,0x00000000,1,0
916,14302611.000,0x00000000,1,0
917,14318239.000,0x00000000,1,0
918,14333866.900,0x00000000,1,0
919,14349444.500,0x00000000,1,0
920,14365085.200,0x00000000,1,0
921,14380712.000,0x00000000,1,0
922,14396371.800,0x00000000,1,0
923,14411992.700,0x00000000,1,0
924,14427623.200,0x00000000,1,0
925,14443248.000,0x00000000,1,0
926,14458827.900,0x00000000,1,0
927,14474497.000,0x00000000,1,0
928,14490123.700,0x00000000,1,0
929,14505766.000,0x00000000,1,0
930,14521379.100,0x00000000,1,0
931,14537001.200,0x00000000,1,0
932,14552627.300,0x00000000,1,0
933,14568263.000,0x00000000,1,0
934,14583879.600,0x00000000,1,0
935,14599495.200,0x00000000,1,0
936,14615148.600,0x00000000,1,0
937,14630771.500,0x00000000,1,0
938,14646383.900,0x00000000,1,0
939,14662011.400,0x00000000,1,0
940,14677638.900,0x00000000,1,0
941,14693263.400,0x00000000,1,0
942,14708887.300,0x00000000,1,0
943,14724514.200,0x00000000,1,0
944,14740144.900,0x00000000,1,0
945,14755782.300,0x00000000,1,0
946,14771391.600,0x00000000,1,0
947,14787018.100,0x00000000,1,0
948,14802649.100,0x00000000,1,0
949,14818279.900,0x00000000,1,0
950,14833896.600,0x00000000,1,0
951,14849521.700,0x00000000,1,0
952,14865149.100,0x00000000,1,0
953,14880778.800,0x00000000,1,0
954,14896399.900,0x00000000,1,0
955,14912033.400,0x00000000,1,0
956,14927650.700,0x00000000,1,0
957,14943235.300,0x00000000,1,0
958,14958889.400,0x00000000,1,0
959,14974534.300,0x00000000,1,0
960,14990157.000,0x00000000,1,0
961,15005791.500,0x00000000,1,0
962,15021413.400,0x00000000,1,0
963,15037035.400,0x00000000,1,0
964,15052667.100,0x00000000,1,0
965,15068295.000,0x00000000,1,0
966,15083914.600,0x00000000,1,0
967,15099541.800,0x00000000,1,0
968,15115188.700,0x00000000,1,0
969,15130803.300,0x00000000,1,0
970,15146416.600,0x00000000,1,0
971,15162051.200,0x00000000,1,0
972,15177674.900,0x00000000,1,0
973,15193253.800,0x00000000,1,0
974,15208920.900,0x00000000,1,0
975,15224546.900,0x00000000,1,0
976,15240177.600,0x00000000,1,0
977,15255804.500,0x00000000,1,0
978,15271354.900,0x00000000,1,0
979,15287063.100,0x00000000,1,0
980,15302676.900,0x00000000,1,0
981,15318308.500,0x00000000,1,0
982,15333930.400,0x00000000,1,0
983,15349563.700,0x00000000,1,0
984,15365181.800,0x00000000,1,0
985,15380806.700,0x00000000,1,0
986,15396432.800,0x00000000,1,0
987,15412060.600,0x00000000,1,0
988,15427692.100,0x00000000,1,0
989,15443265.600,0x00000000,1,0
990,15458937.400,0x00000000,1,0
991,15474646.500,0x00000000,1,0
992,15490188.700,0x00000000,1,0
993,15505860.300,0x00000000,1,0
994,15521444.500,0x00000000,1,0
995,15537068.200,0x00000000,1,0
996,15552693.200,0x00000000,1,0
997,15568319.800,0x00000000,1,0
998,15583945.100,0x00000000,1,0
999,15599581.000,0x00000000,1,0
1000,15615210.600,0x00000000,1,0
1001,15630829.700,0x00000000,1,0
1002,15646448.800,0x00000000,1,0
1003,15662083.400,0x00000000,1,0
1004,15677704.900,0x00000000,1,0
1005,15693282.700,0x00000000,1,0
1006,15708953.400,0x00000000,1,0
1007,15724587.100,0x00000000,1,0
1008,15740204.800,0x00000000,1,0
1009,15755840.600,0x00000000,1,0
1010,15771489.800,0x00000000,1,0
1011,15787105.100,0x00000000,1,0
1012,15802709.100,0x00000000,1,0
1013,15818335.700,0x00000000,1,0
1014,15833961.700,0x00000000,1,0
1015,15849589.000,0x00000000,1,0
1016,15865216.000,0x00000000,1,0
1017,15880839.700,0x00000000,1,0
1018,15896464.800,0x00000000,1,0
1019,15912092.100,0x00000000,1,0
1020,15927758.600,0x00000000,1,0
1021,15943352.400,0x00000000,1,0
1022,15958971.300,0x00000000,1,0
1023,15974733.000,0x00000000,1,0
RASTER_RESULT samples=1024 failures=0 active=0 blank=1024 active_changes=0 min_line=4294967295 max_line=0 close=0x00000000
