000000 00000330 00000330 00000330 00000011
000010 00000000 c3a10000 00000000 00000000
000020 00000009 004017a0 00000000 00000001
000030 0000000c 00000004 009f6d00 00000000
000040 00000008 00000000 00000000 00030005
000050 00401760 00000000 00001256 00000006
000060 00000000 00090000 00000000 00000000
000070 00000000 00000000 00000000 00000000
000080 00000000 00000000 00000000 00000011
000090 00000000 c3a10000 00000000 00000000
0000a0 00000009 004017a0 00000000 00000001
0000b0 0000000c 00000004 009f7d00 00000000
0000c0 00000020 00000000 00000000 00030005
0000d0 00401760 00000000 00001257 00000006
0000e0 00000000 00090000 00000000 00000000
0000f0 00000000 00000000 00000000 00000000
000100 00000000 00000000 00000000 00000011
000110 00000000 c3a10000 00000000 00000000
000120 00000009 004017a0 00000000 00000001
000130 0000000c 00000004 009f8100 00000000
000140 00000008 00000000 00000000 00030005
000150 00401760 00000000 00001258 00000006
000160 00000000 00090000 00000000 00000000
000170 00000000 00000000 00000000 00000000
000180 00000000 00000000 00000000 00000011
000190 00000000 c3a10000 00000000 00000000
0001a0 00000009 004017a0 00000000 00000001
0001b0 0000000c 00000004 009f8900 00000000
0001c0 00000010 00000000 00000000 00030005
0001d0 00401760 00000000 00001259 00000006
0001e0 00000000 00090000 00000000 00000000
0001f0 00000000 00000000 00000000 00000000
000200 00000000 00000000 00000000 00000011
000210 00000000 c3a10000 00000000 00000000
000220 00000009 004017a0 00000000 00000001
000230 0000000c 00000004 009f8500 00000000
000240 00000010 00000000 00000000 00030005
000250 00401760 00000000 0000125a 00000006
000260 00000000 00090000 00000000 00000000
000270 00000000 00000000 00000000 00000000
000280 00000000 00000000 00000000 00000011
000290 00000000 c3a10000 00000000 00000000
0002a0 00000009 004017a0 00000000 00000001
0002b0 0000000c 00000004 009f8d00 00000000
0002c0 00000008 00000000 00000000 00030005
0002d0 00401760 00000000 0000125b 00000006
0002e0 00000000 00090000 00000000 00000000
0002f0 00000000 00000000 00000000 00000000
000300 00000000 00000000 00000000 00000011
000310 00000000 c3a10000 00000000 00000000
000320 00000009 004017a0 00000000 00000001
000330 0000000c 00000004 009f9100 00000000
000340 00000010 00000000 00000000 00030005
000350 00401760 00000000 0000125c 00000006
000360 00000000 00090000 00000000 00000000
000370 00000000 00000000 00000000 00000000
000380 00000000 00000000 00000000 00000011
000390 00000000 c3a10000 00000000 00000000
0003a0 00000009 004017a0 00000000 00000001
0003b0 0000000c 00000004 009f9500 00000000
0003c0 00000008 00000000 00000000 00030005
0003d0 00401760 00000000 0000125d 00000006
0003e0 00000000 00090000 00000000 00000000
0003f0 00000000 00000000 00000000 00000000
000400 00000000 00000000 00000000 00000011
000410 00000000 c3a10000 00000000 00000000
000420 00000009 004017a0 00000000 00000001
000430 0000000c 00000004 009f9900 00000000
000440 00000008 00000000 00000000 00030005
000450 00401760 00000000 0000125e 00000006
000460 00000000 00090000 00000000 00000000
000470 00000000 00000000 00000000 00000000
000480 00000000 00000000 00000000 00000011
000490 00000000 c3a10000 00000000 00000000
0004a0 00000009 004017a0 00000000 00000001
0004b0 00000006 b0000008 00401760 00000000
0004c0 0000125e ffffffff 0fff0004 00000009
0004d0 004017a0 00000000 00000001 00000011
0004e0 00040000 00000000 00000000 00000000
0004f0 00000000 00000004 009f9d00 00000000
000500 00000010 00000000 00000000 00030005
000510 00401760 00000000 0000125f 00000006
000520 00000000 00090000 00000000 00000000
000530 00000000 00000000 00000000 00000000
000540 00000000 00000000 00000000 00000011
000550 00000000 c3a10000 00000000 00000000
000560 00000009 004017a0 00000000 00000001
000570 0000000c 00000004 009fa500 00000000
000580 00000010 00000000 00000000 00030005
000590 00401760 00000000 00001260 00000006
0005a0 00000000 00090000 00000000 00000000
0005b0 00000000 00000000 00000000 00000000
0005c0 00000000 00000000 00000000 00000011
0005d0 00000000 c3a10000 00000000 00000000
0005e0 00000009 004017a0 00000000 00000001
0005f0 0000000c 00000004 009fa900 00000000
000600 00000010 00000000 00000000 00030005
000610 00401760 00000000 00001261 00000006
000620 00000000 00090000 00000000 00000000
000630 00000000 00000000 00000000 00000000
000640 00000000 00000000 00000000 00000011
000650 00000000 c3a10000 00000000 00000000
000660 00000009 004017a0 00000000 00000001
000670 0000000c 00000004 009fa100 00000000
000680 00000008 00000000 00000000 00030005
000690 00401760 00000000 00001262 00000006
0006a0 00000000 00090000 00000000 00000000
0006b0 00000000 00000000 00000000 00000000
0006c0 00000000 00000000 00000000 00000011
0006d0 00000000 c3a10000 00000000 00000000
0006e0 00000009 004017a0 00000000 00000001
0006f0 0000000c 00000004 009fb100 00000000
000700 00000010 00000000 00000000 00030005
000710 00401760 00000000 00001263 00000006
000720 00000000 00090000 00000000 00000000
000730 00000000 00000000 00000000 00000000
000740 00000000 00000000 00000000 00000011
000750 00000000 c3a10000 00000000 00000000
000760 00000009 004017a0 00000000 00000001
000770 0000000c 00000004 009fb500 00000000
000780 00000010 00000000 00000000 00030005
000790 00401760 00000000 00001264 00000006
0007a0 00000000 00090000 00000000 00000000
0007b0 00000000 00000000 00000000 00000000
0007c0 00000000 00000000 00000000 00000011
0007d0 00000000 c3a10000 00000000 00000000
0007e0 00000009 004017a0 00000000 00000001
0007f0 0000000c 00000004 009fb900 00000000
000800 00000010 00000000 00000000 00030005
000810 00401760 00000000 00001265 00000006
000820 00000000 00090000 00000000 00000000
000830 00000000 00000000 00000000 00000000
000840 00000000 00000000 00000000 00000011
000850 00000000 c3a10000 00000000 00000000
000860 00000009 004017a0 00000000 00000001
000870 0000000c 00000004 009fad00 00000000
000880 00000008 00000000 00000000 00030005
000890 00401760 00000000 00001266 00000006
0008a0 00000000 00090000 00000000 00000000
0008b0 00000000 00000000 00000000 00000000
0008c0 00000000 00000000 00000000 00000011
0008d0 00000000 c3a10000 00000000 00000000
0008e0 00000009 004017a0 00000000 00000001
0008f0 0000000c 00000004 009fbd00 00000000
000900 00000020 00000000 00000000 00030005
000910 00401760 00000000 00001267 00000006
000920 00000000 00090000 00000000 00000000
000930 00000000 00000000 00000000 00000000
000940 00000000 00000000 00000000 00000011
000950 00000000 c3a10000 00000000 00000000
000960 00000009 004017a0 00000000 00000001
000970 0000000c 00000004 009fc100 00000000
000980 00000008 00000000 00000000 00030005
000990 00401760 00000000 00001268 00000006
0009a0 00000000 00090000 00000000 00000000
0009b0 00000000 00000000 00000000 00000000
0009c0 00000000 00000000 00000000 00000011
0009d0 00000000 c3a10000 00000000 00000000
0009e0 00000009 004017a0 00000000 00000001
0009f0 0000000c 00000004 009fc900 00000000
000a00 00000010 00000000 00000000 00030005
000a10 00401760 00000000 00001269 00000006
000a20 00000000 00090000 00000000 00000000
000a30 00000000 00000000 00000000 00000000
000a40 00000000 00000000 00000000 00000011
000a50 00000000 c3a10000 00000000 00000000
000a60 00000009 004017a0 00000000 00000001
000a70 0000000c 00000004 009fc500 00000000
000a80 00000010 00000000 00000000 00030005
000a90 00401760 00000000 0000126a 00000006
000aa0 00000000 00090000 00000000 00000000
000ab0 00000000 00000000 00000000 00000000
000ac0 00000000 00000000 00000000 00000011
000ad0 00000000 c3a10000 00000000 00000000
000ae0 00000009 004017a0 00000000 00000001
000af0 0000000c 00000004 009fcd00 00000000
000b00 00000008 00000000 00000000 00030005
000b10 00401760 00000000 0000126b 00000006
000b20 00000000 00090000 00000000 00000000
000b30 00000000 00000000 00000000 00000000
000b40 00000000 00000000 00000000 00000011
000b50 00000000 c3a10000 00000000 00000000
000b60 00000009 004017a0 00000000 00000001
000b70 0000000c 00000004 009fd100 00000000
000b80 00000010 00000000 00000000 00030005
000b90 00401760 00000000 0000126c 00000006
000ba0 00000000 00090000 00000000 00000000
000bb0 00000000 00000000 00000000 00000000
000bc0 00000000 00000000 00000000 00000011
000bd0 00000000 c3a10000 00000000 00000000
000be0 00000009 004017a0 00000000 00000001
000bf0 0000000c 00000004 009fd500 00000000
000c00 00000008 00000000 00000000 00030005
000c10 00401760 00000000 0000126d 00000006
000c20 00000000 00090000 00000000 00000000
000c30 00000000 00000000 00000000 00000000
000c40 00000000 00000000 00000000 00000011
000c50 00000000 c3a10000 00000000 00000000
000c60 00000009 004017a0 00000000 00000001
000c70 0000000c 00000004 009fd900 00000000
000c80 00000008 00000000 00000000 00030005
000c90 00401760 00000000 0000126e 00000006
000ca0 00000000 00090000 00000000 00000000
000cb0 00000000 00000000 00000000 00000000
000cc0 00000000 00000000 00000000 00030005
000cd0 00401760 00000000 00001230 00000006
000ce0 00000000 00090000 00000000 00000000
000cf0 00000000 00000000 00000000 00000000
000d00 00000000 00000000 00000000 00000011
000d10 00000000 c3a10000 00000000 00000000
000d20 00000009 004017a0 00000000 00000001
000d30 0000000c 00000004 009edf00 00000000
000d40 00000008 00000000 00000000 00030005
000d50 00401760 00000000 00001231 00000006
000d60 00000000 00090000 00000000 00000000
000d70 00000000 00000000 00000000 00000000
000d80 00000000 00000000 00000000 00000011
000d90 00000000 c3a10000 00000000 00000000
000da0 00000009 004017a0 00000000 00000001
000db0 0000000c 00000004 009ee300 00000000
000dc0 00000008 00000000 00000000 00030005
000dd0 00401760 00000000 00001232 00000006
000de0 00000000 00090000 00000000 00000000
000df0 00000000 00000000 00000000 00000000
000e00 00000000 00000000 00000000 00000011
000e10 00000000 c3a10000 00000000 00000000
000e20 00000009 004017a0 00000000 00000001
000e30 0000000c 00000004 009ee800 00000000
000e40 00000008 00000000 00000000 00030005
000e50 00401760 00000000 00001233 00000006
000e60 00000000 00090000 00000000 00000000
000e70 00000000 00000000 00000000 00000000
000e80 00000000 00000000 00000000 00000011
000e90 00000000 c3a10000 00000000 00000000
000ea0 00000009 004017a0 00000000 00000001
000eb0 0000000c 00000004 009eed00 00000000
000ec0 00000018 00000000 00000000 00030005
000ed0 00401760 00000000 00001234 00000006
000ee0 00000000 00090000 00000000 00000000
000ef0 00000000 00000000 00000000 00000000
000f00 00000000 00000000 00000000 00000011
000f10 00000000 c3a10000 00000000 00000000
000f20 00000009 004017a0 00000000 00000001
000f30 0000000c 00000004 009ef200 00000000
000f40 00000008 00000000 00000000 00030005
000f50 00401760 00000000 00001235 00000006
000f60 00000000 00090000 00000000 00000000
000f70 00000000 00000000 00000000 00000000
000f80 00000000 00000000 00000000 00000011
000f90 00000000 c3a10000 00000000 00000000
000fa0 00000009 004017a0 00000000 00000001
000fb0 0000000c 00000004 009ef700 00000000
000fc0 00000010 00000000 00000000 00030005
000fd0 00401760 00000000 00001236 00000006
000fe0 00000000 00090000 00000000 00000000
000ff0 00000000 00000000 00000000 00000000
001000 00000000 00000000 00000000 00000011
001010 00000000 c3a10000 00000000 00000000
001020 00000009 004017a0 00000000 00000001
001030 0000000c 00000004 009efc00 00000000
001040 00000010 00000000 00000000 00030005
001050 00401760 00000000 00001237 00000006
001060 00000000 00090000 00000000 00000000
001070 00000000 00000000 00000000 00000000
001080 00000000 00000000 00000000 00000011
001090 00000000 c3a10000 00000000 00000000
0010a0 00000009 004017a0 00000000 00000001
0010b0 0000000c 00000004 009f0000 00000000
0010c0 00000038 00000000 00000000 00030005
0010d0 00401760 00000000 00001238 00000006
0010e0 00000000 00090000 00000000 00000000
0010f0 00000000 00000000 00000000 00000000
001100 00000000 00000000 00000000 00000011
001110 00000000 c3a10000 00000000 00000000
001120 00000009 004017a0 00000000 00000001
001130 0000000c 00000004 009f0400 00000000
001140 00000008 00000000 00000000 00030005
001150 00401760 00000000 00001239 00000006
001160 00000000 00090000 00000000 00000000
001170 00000000 00000000 00000000 00000000
001180 00000000 00000000 00000000 00000011
001190 00000000 c3a10000 00000000 00000000
0011a0 00000009 004017a0 00000000 00000001
0011b0 0000000c 00000004 009f0900 00000000
0011c0 00000008 00000000 00000000 00030005
0011d0 00401760 00000000 0000123a 00000006
0011e0 00000000 00090000 00000000 00000000
0011f0 00000000 00000000 00000000 00000000
001200 00000000 00000000 00000000 00000011
001210 00000000 c3a10000 00000000 00000000
001220 00000009 004017a0 00000000 00000001
001230 0000000c 00000004 009f0d00 00000000
001240 00000018 00000000 00000000 00030005
001250 00401760 00000000 0000123b 00000006
001260 00000000 00090000 00000000 00000000
001270 00000000 00000000 00000000 00000000
001280 00000000 00000000 00000000 00000011
001290 00000000 c3a10000 00000000 00000000
0012a0 00000009 004017a0 00000000 00000001
0012b0 0000000c 00000004 009f1100 00000000
0012c0 00000020 00000000 00000000 00030005
0012d0 00401760 00000000 0000123c 00000006
0012e0 00000000 00090000 00000000 00000000
0012f0 00000000 00000000 00000000 00000000
001300 00000000 00000000 00000000 00000011
001310 00000000 c3a10000 00000000 00000000
001320 00000009 004017a0 00000000 00000001
001330 0000000c 00000004 009f1500 00000000
001340 00000020 00000000 00000000 00030005
001350 00401760 00000000 0000123d 00000006
001360 00000000 00090000 00000000 00000000
001370 00000000 00000000 00000000 00000000
001380 00000000 00000000 00000000 00000011
001390 00000000 c3a10000 00000000 00000000
0013a0 00000009 004017a0 00000000 00000001
0013b0 0000000c 00000004 009f1900 00000000
0013c0 00000008 00000000 00000000 00030005
0013d0 00401760 00000000 0000123e 00000006
0013e0 00000000 00090000 00000000 00000000
0013f0 00000000 00000000 00000000 00000000
001400 00000000 00000000 00000000 00000011
001410 00000000 c3a10000 00000000 00000000
001420 00000009 004017a0 00000000 00000001
001430 00000006 b0000008 00401760 00000000
001440 0000123e ffffffff 0fff0004 00000009
001450 004017a0 00000000 00000001 00000011
001460 00040000 00000000 00000000 00000000
001470 00000000 00000004 009f1d00 00000000
001480 00000010 00000000 00000000 00030005
001490 00401760 00000000 0000123f 00000006
0014a0 00000000 00090000 00000000 00000000
0014b0 00000000 00000000 00000000 00000000
0014c0 00000000 00000000 00000000 00000011
0014d0 00000000 c3a10000 00000000 00000000
0014e0 00000009 004017a0 00000000 00000001
0014f0 0000000c 00000004 009f2500 00000000
001500 00000010 00000000 00000000 00030005
001510 00401760 00000000 00001240 00000006
001520 00000000 00090000 00000000 00000000
001530 00000000 00000000 00000000 00000000
001540 00000000 00000000 00000000 00000011
001550 00000000 c3a10000 00000000 00000000
001560 00000009 004017a0 00000000 00000001
001570 0000000c 00000004 009f2900 00000000
001580 00000010 00000000 00000000 00030005
001590 00401760 00000000 00001241 00000006
0015a0 00000000 00090000 00000000 00000000
0015b0 00000000 00000000 00000000 00000000
0015c0 00000000 00000000 00000000 00000011
0015d0 00000000 c3a10000 00000000 00000000
0015e0 00000009 004017a0 00000000 00000001
0015f0 0000000c 00000004 009f2100 00000000
001600 00000008 00000000 00000000 00030005
001610 00401760 00000000 00001242 00000006
001620 00000000 00090000 00000000 00000000
001630 00000000 00000000 00000000 00000000
001640 00000000 00000000 00000000 00000011
001650 00000000 c3a10000 00000000 00000000
001660 00000009 004017a0 00000000 00000001
001670 0000000c 00000004 009f3100 00000000
001680 00000010 00000000 00000000 00030005
001690 00401760 00000000 00001243 00000006
0016a0 00000000 00090000 00000000 00000000
0016b0 00000000 00000000 00000000 00000000
0016c0 00000000 00000000 00000000 00000011
0016d0 00000000 c3a10000 00000000 00000000
0016e0 00000009 004017a0 00000000 00000001
0016f0 0000000c 00000004 009f3500 00000000
001700 00000010 00000000 00000000 00030005
001710 00401760 00000000 00001244 00000006
001720 00000000 00090000 00000000 00000000
001730 00000000 00000000 00000000 00000000
001740 00000000 00000000 00000000 00000011
001750 00000000 c3a10000 00000000 00000000
001760 00000009 004017a0 00000000 00000001
001770 0000000c 00000004 009f3900 00000000
001780 00000010 00000000 00000000 00030005
001790 00401760 00000000 00001245 00000006
0017a0 00000000 00090000 00000000 00000000
0017b0 00000000 00000000 00000000 00000000
0017c0 00000000 00000000 00000000 00000011
0017d0 00000000 c3a10000 00000000 00000000
0017e0 00000009 004017a0 00000000 00000001
0017f0 0000000c 00000004 009f2d00 00000000
001800 00000008 00000000 00000000 00030005
001810 00401760 00000000 00001246 00000006
001820 00000000 00090000 00000000 00000000
001830 00000000 00000000 00000000 00000000
001840 00000000 00000000 00000000 00000011
001850 00000000 c3a10000 00000000 00000000
001860 00000009 004017a0 00000000 00000001
001870 0000000c 00000004 009f3d00 00000000
001880 00000020 00000000 00000000 00030005
001890 00401760 00000000 00001247 00000006
0018a0 00000000 00090000 00000000 00000000
0018b0 00000000 00000000 00000000 00000000
0018c0 00000000 00000000 00000000 00000011
0018d0 00000000 c3a10000 00000000 00000000
0018e0 00000009 004017a0 00000000 00000001
0018f0 0000000c 00000004 009f4100 00000000
001900 00000008 00000000 00000000 00030005
001910 00401760 00000000 00001248 00000006
001920 00000000 00090000 00000000 00000000
001930 00000000 00000000 00000000 00000000
001940 00000000 00000000 00000000 00000011
001950 00000000 c3a10000 00000000 00000000
001960 00000009 004017a0 00000000 00000001
001970 0000000c 00000004 009f4900 00000000
001980 00000010 00000000 00000000 00030005
001990 00401760 00000000 00001249 00000006
0019a0 00000000 00090000 00000000 00000000
0019b0 00000000 00000000 00000000 00000000
0019c0 00000000 00000000 00000000 00000011
0019d0 00000000 c3a10000 00000000 00000000
0019e0 00000009 004017a0 00000000 00000001
0019f0 0000000c 00000004 009f4500 00000000
001a00 00000008 00000000 00000000 00030005
001a10 00401760 00000000 0000124a 00000006
001a20 00000000 00090000 00000000 00000000
001a30 00000000 00000000 00000000 00000000
001a40 00000000 00000000 00000000 00000011
001a50 00000000 c3a10000 00000000 00000000
001a60 00000009 004017a0 00000000 00000001
001a70 0000000c 00000004 009f4d00 00000000
001a80 00000008 00000000 00000000 00030005
001a90 00401760 00000000 0000124b 00000006
001aa0 00000000 00090000 00000000 00000000
001ab0 00000000 00000000 00000000 00000000
001ac0 00000000 00000000 00000000 00000011
001ad0 00000000 c3a10000 00000000 00000000
001ae0 00000009 004017a0 00000000 00000001
001af0 0000000c 00000004 009f5100 00000000
001b00 00000008 00000000 00000000 00030005
001b10 00401760 00000000 0000124c 00000006
001b20 00000000 00090000 00000000 00000000
001b30 00000000 00000000 00000000 00000000
001b40 00000000 00000000 00000000 00000011
001b50 00000000 c3a10000 00000000 00000000
001b60 00000009 004017a0 00000000 00000001
001b70 0000000c 00000004 009f5500 00000000
001b80 00000008 00000000 00000000 00030005
001b90 00401760 00000000 0000124d 00000006
001ba0 00000000 00090000 00000000 00000000
001bb0 00000000 00000000 00000000 00000000
001bc0 00000000 00000000 00000000 00000011
001bd0 00000000 c3a10000 00000000 00000000
001be0 00000009 004017a0 00000000 00000001
001bf0 0000000c 00000004 009f5900 00000000
001c00 00000008 00000000 00000000 00030005
001c10 00401760 00000000 0000124e 00000006
001c20 00000000 00090000 00000000 00000000
001c30 00000000 00000000 00000000 00000000
001c40 00000000 00000000 00000000 00000011
001c50 00000000 c3a10000 00000000 00000000
001c60 00000009 004017a0 00000000 00000001
001c70 00000006 b0000008 00401760 00000000
001c80 0000124e ffffffff 0fff0004 00000009
001c90 004017a0 00000000 00000001 00000011
001ca0 00040000 00000000 00000000 00000000
001cb0 00000000 00000004 009f5d00 00000000
001cc0 00000010 00000000 00000000 00030005
001cd0 00401760 00000000 0000124f 00000006
001ce0 00000000 00090000 00000000 00000000
001cf0 00000000 00000000 00000000 00000000
001d00 00000000 00000000 00000000 00000011
001d10 00000000 c3a10000 00000000 00000000
001d20 00000009 004017a0 00000000 00000001
001d30 0000000c 00000004 009f6500 00000000
001d40 00000010 00000000 00000000 00030005
001d50 00401760 00000000 00001250 00000006
001d60 00000000 00090000 00000000 00000000
001d70 00000000 00000000 00000000 00000000
001d80 00000000 00000000 00000000 00000011
001d90 00000000 c3a10000 00000000 00000000
001da0 00000009 004017a0 00000000 00000001
001db0 0000000c 00000004 009f6900 00000000
001dc0 00000010 00000000 00000000 00030005
001dd0 00401760 00000000 00001251 00000006
001de0 00000000 00090000 00000000 00000000
001df0 00000000 00000000 00000000 00000000
001e00 00000000 00000000 00000000 00000011
001e10 00000000 c3a10000 00000000 00000000
001e20 00000009 004017a0 00000000 00000001
001e30 0000000c 00000004 009f6100 00000000
001e40 00000008 00000000 00000000 00030005
001e50 00401760 00000000 00001252 00000006
001e60 00000000 00090000 00000000 00000000
001e70 00000000 00000000 00000000 00000000
001e80 00000000 00000000 00000000 00000011
001e90 00000000 c3a10000 00000000 00000000
001ea0 00000009 004017a0 00000000 00000001
001eb0 0000000c 00000004 009f7100 00000000
001ec0 00000010 00000000 00000000 00030005
001ed0 00401760 00000000 00001253 00000006
001ee0 00000000 00090000 00000000 00000000
001ef0 00000000 00000000 00000000 00000000
001f00 00000000 00000000 00000000 00000011
001f10 00000000 c3a10000 00000000 00000000
001f20 00000009 004017a0 00000000 00000001
001f30 0000000c 00000004 009f7500 00000000
001f40 00000010 00000000 00000000 00030005
001f50 00401760 00000000 00001254 00000006
001f60 00000000 00090000 00000000 00000000
001f70 00000000 00000000 00000000 00000000
001f80 00000000 00000000 00000000 00000011
001f90 00000000 c3a10000 00000000 00000000
001fa0 00000009 004017a0 00000000 00000001
001fb0 0000000c 00000004 009f7900 00000000
001fc0 00000010 00000000 00000000 00030005
001fd0 00401760 00000000 00001255 00000006
001fe0 00000000 00090000 00000000 00000000
001ff0 00000000 00000000 00000000 00000000
002000 00000000 00000000 00000000
00200c
