000000 c0310800 00004000 00000000 00000000
000010 00000000 00000000 00000000 00000000
000020 00000000 00000000 00000000 00000001
000030 00000000 00000000 00000000 00000000
000040 00000000 00000000 00000000 00000000
000050 00000000 00000000 00000000 ffffffff
000060 ffffffff 00000000 ffffffff ffffffff
000070 00000000 00000000 00000000 00000000
000080 00000003 00000000 00000000 00000000
000090 00000000 00000000 00000000 00000000
0000a0 00000000 00000000 ffffffff 00000000
0000b0 00000000 00000000 00000000 00000000
0000c0 00000000 00000000 00000000 00000000
0000d0 00000000 00000000 00000000 00000000
0000e0 00000000 00000000 00000000 00000000
0000f0 00000000 00000000 00000000 00000000
000100 00000000 00000000 00000000 00000000
000110 00000000 00000000 00000000 00000000
000120 00000000 00000000 00000000 00000000
000130 00000000 00000000 00000000 00000000
000140 00000000 00000000 00000000 00000000
000150 00000000 00000000 00000000 00000000
000160 d7f48ca8 8000009b d7f48dcc 0000009b
000170 00000000 00000000 00000000 00000000
000180 00000000 00000000 00000000 00000000
000190 00000000 00000000 00000000 00000000
0001a0 00000000 00000000 00000000 00000000
0001b0 00000000 00000000 00000000 00000000
0001c0 00000000 00000000 00000003 00000000
0001d0 00000000 00000000 00000000 00000000
0001e0 00000000 00000000 00000000 00000000
0001f0 00000000 00000000 00000000 00000000
000200 fffe9000 000000f5 00000001 00000000
000210 0be05301 00000000 00000000 00000000
000220 000065b0 00000000 00000000 004014a0
000230 00000000 004014c0 00000000 40000048
000240 00000000 d030890a 00000000 00000000
000250 00000000 00300000 00000000 00000000
000260 00000000 00000000 00000000 00000000
000270 00000000 00000000 00000000 00000000
000280 00000000 00000000 00000100 00000000
000290 00000000 000064c0 00000000 00000008
0002a0 00000000 00000000 00000000 00000000
0002b0 00000000 00000000 00000000 00000000
0002c0 00000000 00000000 00000000 00000000
0002d0 00000000 00000000 00000000 00000000
0002e0 00000000 00000000 00000000 00000000
0002f0 00000000 00000000 00000000 00000000
000300 00000000 00000000 00000000 00000000
000310 00000000 00000000 00000000 00000000
000320 00000000 00000000 00000000 00000000
000330 00000000 00000000 00000000 00000000
000340 00000000 00000000 00000000 00000000
000350 00000000 00000000 00000000 00000000
000360 00000000 00000000 00000000 00000000
000370 00000000 00000000 00000000 00000000
000380 00000000 00000000 00000000 00000000
000390 00000000 00000000 00000000 00000000
0003a0 00000000 00000000 00000000 00000000
0003b0 00000000 00000000 00000000 00000000
0003c0 00000000 00000000 00000000 00000000
0003d0 00000000 00000000 00000000 00000000
0003e0 00000000 00000000 00000000 00000000
0003f0 00000000 00000000 00000000 00000000
000400 00000000 00000000 00000000 00000000
000410 00000000 00000000 00000000 00000000
000420 00000000 00000000 00000000 00000000
000430 00000000 00000000 00000000 00000000
000440 00000000 00000000 00000000 00000000
000450 00000000 00000000 00000000 00000000
000460 00000000 00000000 00000000 00000000
000470 00000000 00000000 00000000 00000000
000480 00000000 00000000 00000000 00000000
000490 00000000 00000000 00000000 00000000
0004a0 00000000 00000000 00000000 00000000
0004b0 00000000 00000000 00000000 00000000
0004c0 00000000 00000000 00000000 00000000
0004d0 00000000 00000000 00000000 00000000
0004e0 00000000 00000000 00000000 00000000
0004f0 00000000 00000000 00000000 00000000
000500 00000000 00000000 00000000 00000000
000510 00000000 00000000 00000000 00000000
000520 00000000 00000000 00000000 00000000
000530 00000000 00000000 00000000 00000000
000540 00000000 00000000 00000000 00000000
000550 00000000 00000000 00000000 00000000
000560 00000000 00000000 00000000 00000000
000570 00000000 00000000 00000000 00000000
000580 00000000 00000000 00000000 00000000
000590 00000000 00000000 00000000 00000000
0005a0 00000000 00000000 00000000 00000000
0005b0 00000000 00000000 00000000 00000000
0005c0 00000000 00000000 00000000 00000000
0005d0 00000000 00000000 00000000 00000000
0005e0 00000000 00000000 00000000 00000000
0005f0 00000000 00000000 00000000 00000000
000600 00000000 00000000 00000000 00000000
000610 00000000 00000000 00000000 00000000
000620 00000000 00000000 00000000 00000000
000630 00000000 00000000 00000000 00000000
000640 00000000 00000000 00000000 00000000
000650 00000000 00000000 00000000 00000000
000660 00000000 00000000 00000000 00000000
000670 00000000 00000000 00000000 00000000
000680 00000000 00000000 00000000 00000000
000690 00000000 00000000 00000000 00000000
0006a0 00000000 00000000 00000000 00000000
0006b0 00000000 00000000 00000000 00000000
0006c0 00000000 00000000 00000000 00000000
0006d0 00000000 00000000 00000000 00000000
0006e0 00000000 00000000 00000000 00000000
0006f0 00000000 00000000 00000000 00000000
000700 00000000 00000000 00000000 00000000
000710 00000000 00000000 00000000 00000000
000720 00000000 00000000 00000000 00000000
000730 00000000 00000000 00000000 00000000
000740 00000000 00000000 00000000 00000000
000750 00000000 00000000 00000000 00000000
000760 00000000 00000000 00000000 00000000
000770 00000000 00000000 00000000 00000000
000780 00000000 00000000 00000000 00000000
000790 00000000 00000000 00000000 00000000
0007a0 00000000 00000000 00000000 00000000
0007b0 00000000 00000000 00000000 00000000
0007c0 00000000 00000000 00000000 00000000
0007d0 00000000 00000000 00000000 00000000
0007e0 00000000 00000000 00000000 00000000
0007f0 00000000 00000000 00000000 00000000
000800
