000000 000002c0 000002c0 000002c0 00000002
000010 004017c0 00000000 00000000 deadbeef
000020 000a0000 00000000 00000000 00000000
000030 00000000 00000000 00000000 00000000
000040 00000000 00000000 00000000 00000011
000050 00000000 c3a10000 00000000 00000000
000060 00000009 00401700 00000000 00000001
000070 00000024 b0000008 004016c0 00000000
000080 00000000 ffffffff 0fff0004 f000000e
000090 000028eb 6fe00001 f000000e 000028ec
0000a0 00000004 f000000e 000028a3 00f80001
0000b0 30000008 0000a28c 00000000 00000000
0000c0 00000000 0fff000a 30000008 0000a2d4
0000d0 00000000 00000001 00000001 0fff000a
0000e0 f000000e 000010a0 00000000 00030005
0000f0 004016c0 00000000 00000001 00000006
000100 00000000 00000009 00401700 00000000
000110 00000001 00000013 00060000 00000000
000120 00000000 00000000 00000000 00000000
000130 00000000 00000004 00a00000 00000000
000140 00000008 00000000 00000000 00030005
000150 004016c0 00000000 00000002 00000006
000160 00000000 00090000 00000000 00000000
000170 00000000 00000000 00000000 00000000
000180 00000000 00000000 00000000 00000011
000190 00000000 c3a10000 00000000 00000000
0001a0 00000009 00401700 00000000 00000001
0001b0 0000001b f000000e 000028eb 6fe00001
0001c0 f000000e 000028ec 00000004 f000000e
0001d0 000028a3 00f80001 30000008 0000a28c
0001e0 00000000 00000000 00000000 0fff000a
0001f0 30000008 0000a2d4 00000000 00000001
000200 00000001 0fff000a 00030005 004016c0
000210 00000000 00000003 00000006 00000000
000220 00000009 00401700 00000000 00000001
000230 0000000c 00000004 00a00100 00000000
000240 00000008 00000000 00000000 00030005
000250 004016c0 00000000 00000004 00000006
000260 00000000 00090000 00000000 00000000
000270 00000000 00000000 00000000 00000000
000280 00000000 00000000 00000000 00000011
000290 00000000 c3a10000 00000000 00000000
0002a0 00000009 00401700 00000000 00000001
0002b0 0000000c 00000004 00b00000 00000000
0002c0 00000008 00000000 00000000 00030005
0002d0 004016c0 00000000 00000005 00000006
0002e0 00000000 00090000 00000000 00000000
0002f0 00000000 00000000 00000000 00000000
000300 00000000 00000000 00000000 00000011
000310 00000000 c3a10000 00000000 00000000
000320 00000009 00401700 00000000 00000001
000330 00000006 b0000008 004016c0 00000000
000340 00000005 ffffffff 0fff0004 00000009
000350 00401700 00000000 00000001 00000011
000360 00040000 00000000 00000000 00000000
000370 00000000 00000004 00900800 00000000
000380 00000010 00000000 00000000 00030005
000390 004016c0 00000000 00000006 00000006
0003a0 00000000 00090000 00000000 00000000
0003b0 00000000 00000000 00000000 00000000
0003c0 00000000 00000000 00000000 00000011
0003d0 00000000 c3a10000 00000000 00000000
0003e0 00000009 00401700 00000000 00000001
0003f0 00000006 b0000008 004016c0 00000000
000400 00000006 ffffffff 0fff0004 00000009
000410 00401700 00000000 00000001 00000011
000420 00040000 00000000 00000000 00000000
000430 00000000 00000004 00901000 00000000
000440 00000010 00000000 00000000 00030005
000450 004016c0 00000000 00000007 00000006
000460 00000000 00090000 00000000 00000000
000470 00000000 00000000 00000000 00000000
000480 00000000 00000000 00000000 00000011
000490 00000000 c3a10000 00000000 00000000
0004a0 00000009 00401700 00000000 00000001
0004b0 0000000c 00000004 00901800 00000000
0004c0 00000010 00000000 00000000 00030005
0004d0 004016c0 00000000 00000008 00000006
0004e0 00000000 00090000 00000000 00000000
0004f0 00000000 00000000 00000000 00000000
000500 00000000 00000000 00000000 00000011
000510 00000000 c3a10000 00000000 00000000
000520 00000009 00401700 00000000 00000001
000530 0000000c 00000004 00901c00 00000000
000540 00000010 00000000 00000000 00030005
000550 004016c0 00000000 00000009 00000006
000560 00000000 00090000 00000000 00000000
000570 00000000 00000000 00000000 00000000
000580 00000000 00000000 00000000 00000011
000590 00000000 c3a10000 00000000 00000000
0005a0 00000009 00401700 00000000 00000001
0005b0 0000000c 00000004 00901400 00000000
0005c0 00000008 00000000 00000000 00030005
0005d0 004016c0 00000000 0000000a 00000006
0005e0 00000000 00090000 00000000 00000000
0005f0 00000000 00000000 00000000 00000000
000600 00000000 00000000 00000000 00000011
000610 00000000 c3a10000 00000000 00000000
000620 00000009 00401700 00000000 00000001
000630 00000021 b0000008 004016c0 00000000
000640 0000000a ffffffff 0fff0004 f000000e
000650 000028eb 6fe00001 f000000e 000028ec
000660 00000004 f000000e 000028af 00f80001
000670 30000008 0000a2bc 00000000 00000000
000680 00000000 0fff000a 30000008 0000a304
000690 00000000 00000001 00000001 0fff000a
0006a0 00030005 004016c0 00000000 0000000b
0006b0 00000006 00000000 00000009 00401700
0006c0 00000000 00000001 0000000e 00010000
0006d0 00000000 00000004 00902000 00000000
0006e0 00000010 00000000 00000000 00030005
0006f0 004016c0 00000000 0000000c 00000006
000700 00000000 00010000 00000000 00000011
000710 00000000 c3a10000 00000000 00000000
000720 00000009 00401700 00000000 00000001
000730 0000001b f000000e 000028eb 6fe00001
000740 f000000e 000028ec 00000004 f000000e
000750 000028af 00f80001 30000008 0000a2bc
000760 00000000 00000000 00000000 0fff000a
000770 30000008 0000a304 00000000 00000001
000780 00000001 0fff000a 00030005 004016c0
000790 00000000 0000000d 00000006 00000000
0007a0 00000009 00401700 00000000 00000001
0007b0 0000000c 00000004 00902100 00000000
0007c0 00000008 00000000 00000000 00030005
0007d0 004016c0 00000000 0000000e 00000006
0007e0 00000000 00090000 00000000 00000000
0007f0 00000000 00000000 00000000 00000000
000800 00000000 00000000 00000000 00000011
000810 00000000 c3a10000 00000000 00000000
000820 00000009 00401700 00000000 00000001
000830 0000001b f000000e 000028eb 6fe00001
000840 f000000e 000028ec 00000004 f000000e
000850 000028af 00f80001 30000008 0000a2bc
000860 00000000 00000000 00000000 0fff000a
000870 30000008 0000a304 00000000 00000001
000880 00000001 0fff000a 00030005 004016c0
000890 00000000 0000000f 00000006 00000000
0008a0 00000009 00401700 00000000 00000001
0008b0 0000000c 00000004 00902200 00000000
0008c0 00000008 00000000 00000000 00030005
0008d0 004016c0 00000000 00000010 00000006
0008e0 00000000 00090000 00000000 00000000
0008f0 00000000 00000000 00000000 00000000
000900 00000000 00000000 00000000 00000011
000910 00000000 c3a10000 00000000 00000000
000920 00000009 00401700 00000000 00000001
000930 0000001b f000000e 000028eb 6fe00001
000940 f000000e 000028ec 00000004 f000000e
000950 000028af 00f80001 30000008 0000a2bc
000960 00000000 00000000 00000000 0fff000a
000970 30000008 0000a304 00000000 00000001
000980 00000001 0fff000a 00030005 004016c0
000990 00000000 00000011 00000006 00000000
0009a0 00000009 00401700 00000000 00000001
0009b0 0000000c 00000004 00902300 00000000
0009c0 00000008 00000000 00000000 00030005
0009d0 004016c0 00000000 00000012 00000006
0009e0 00000000 00090000 00000000 00000000
0009f0 00000000 00000000 00000000 00000000
000a00 00000000 00000000 00000000 00000011
000a10 00000000 c3a10000 00000000 00000000
000a20 00000009 00401700 00000000 00000001
000a30 0000001b f000000e 000028eb 6fe00001
000a40 f000000e 000028ec 00000004 f000000e
000a50 000028af 00f80001 30000008 0000a2bc
000a60 00000000 00000000 00000000 0fff000a
000a70 30000008 0000a304 00000000 00000001
000a80 00000001 0fff000a 00030005 004016c0
000a90 00000000 00000013 00000006 00000000
000aa0 00000009 00401700 00000000 00000001
000ab0 0000000c 00000004 00902400 00000000
000ac0 00000008 00000000 00000000 00030005
000ad0 004016c0 00000000 00000014 00000006
000ae0 00000000 00090000 00000000 00000000
000af0 00000000 00000000 00000000 00000000
000b00 00000000 00000000 00000000 00000000
000b10 00000000 00000000 00000000 00000000
000b20 00000000 00000000 00000000 00000000
000b30 00000000 00000000 00000000 00000000
000b40 00000000 00000000 00000000 00000000
000b50 00000000 00000000 00000000 00000000
000b60 00000000 00000000 00000000 00000000
000b70 00000000 00000000 00000000 00000000
000b80 00000000 00000000 00000000 00000000
000b90 00000000 00000000 00000000 00000000
000ba0 00000000 00000000 00000000 00000000
000bb0 00000000 00000000 00000000 00000000
000bc0 00000000 00000000 00000000 00000000
000bd0 00000000 00000000 00000000 00000000
000be0 00000000 00000000 00000000 00000000
000bf0 00000000 00000000 00000000 00000000
000c00 00000000 00000000 00000000 00000000
000c10 00000000 00000000 00000000 00000000
000c20 00000000 00000000 00000000 00000000
000c30 00000000 00000000 00000000 00000000
000c40 00000000 00000000 00000000 00000000
000c50 00000000 00000000 00000000 00000000
000c60 00000000 00000000 00000000 00000000
000c70 00000000 00000000 00000000 00000000
000c80 00000000 00000000 00000000 00000000
000c90 00000000 00000000 00000000 00000000
000ca0 00000000 00000000 00000000 00000000
000cb0 00000000 00000000 00000000 00000000
000cc0 00000000 00000000 00000000 00000000
000cd0 00000000 00000000 00000000 00000000
000ce0 00000000 00000000 00000000 00000000
000cf0 00000000 00000000 00000000 00000000
000d00 00000000 00000000 00000000 00000000
000d10 00000000 00000000 00000000 00000000
000d20 00000000 00000000 00000000 00000000
000d30 00000000 00000000 00000000 00000000
000d40 00000000 00000000 00000000 00000000
000d50 00000000 00000000 00000000 00000000
000d60 00000000 00000000 00000000 00000000
000d70 00000000 00000000 00000000 00000000
000d80 00000000 00000000 00000000 00000000
000d90 00000000 00000000 00000000 00000000
000da0 00000000 00000000 00000000 00000000
000db0 00000000 00000000 00000000 00000000
000dc0 00000000 00000000 00000000 00000000
000dd0 00000000 00000000 00000000 00000000
000de0 00000000 00000000 00000000 00000000
000df0 00000000 00000000 00000000 00000000
000e00 00000000 00000000 00000000 00000000
000e10 00000000 00000000 00000000 00000000
000e20 00000000 00000000 00000000 00000000
000e30 00000000 00000000 00000000 00000000
000e40 00000000 00000000 00000000 00000000
000e50 00000000 00000000 00000000 00000000
000e60 00000000 00000000 00000000 00000000
000e70 00000000 00000000 00000000 00000000
000e80 00000000 00000000 00000000 00000000
000e90 00000000 00000000 00000000 00000000
000ea0 00000000 00000000 00000000 00000000
000eb0 00000000 00000000 00000000 00000000
000ec0 00000000 00000000 00000000 00000000
000ed0 00000000 00000000 00000000 00000000
000ee0 00000000 00000000 00000000 00000000
000ef0 00000000 00000000 00000000 00000000
000f00 00000000 00000000 00000000 00000000
000f10 00000000 00000000 00000000 00000000
000f20 00000000 00000000 00000000 00000000
000f30 00000000 00000000 00000000 00000000
000f40 00000000 00000000 00000000 00000000
000f50 00000000 00000000 00000000 00000000
000f60 00000000 00000000 00000000 00000000
000f70 00000000 00000000 00000000 00000000
000f80 00000000 00000000 00000000 00000000
000f90 00000000 00000000 00000000 00000000
000fa0 00000000 00000000 00000000 00000000
000fb0 00000000 00000000 00000000 00000000
000fc0 00000000 00000000 00000000 00000000
000fd0 00000000 00000000 00000000 00000000
000fe0 00000000 00000000 00000000 00000000
000ff0 00000000 00000000 00000000 00000000
001000 00000000 00000000 00000000 00000000
001010 00000000 00000000 00000000 00000000
001020 00000000 00000000 00000000 00000000
001030 00000000 00000000 00000000 00000000
001040 00000000 00000000 00000000 00000000
001050 00000000 00000000 00000000 00000000
001060 00000000 00000000 00000000 00000000
001070 00000000 00000000 00000000 00000000
001080 00000000 00000000 00000000 00000000
001090 00000000 00000000 00000000 00000000
0010a0 00000000 00000000 00000000 00000000
0010b0 00000000 00000000 00000000 00000000
0010c0 00000000 00000000 00000000 00000000
0010d0 00000000 00000000 00000000 00000000
0010e0 00000000 00000000 00000000 00000000
0010f0 00000000 00000000 00000000 00000000
001100 00000000 00000000 00000000 00000000
001110 00000000 00000000 00000000 00000000
001120 00000000 00000000 00000000 00000000
001130 00000000 00000000 00000000 00000000
001140 00000000 00000000 00000000 00000000
001150 00000000 00000000 00000000 00000000
001160 00000000 00000000 00000000 00000000
001170 00000000 00000000 00000000 00000000
001180 00000000 00000000 00000000 00000000
001190 00000000 00000000 00000000 00000000
0011a0 00000000 00000000 00000000 00000000
0011b0 00000000 00000000 00000000 00000000
0011c0 00000000 00000000 00000000 00000000
0011d0 00000000 00000000 00000000 00000000
0011e0 00000000 00000000 00000000 00000000
0011f0 00000000 00000000 00000000 00000000
001200 00000000 00000000 00000000 00000000
001210 00000000 00000000 00000000 00000000
001220 00000000 00000000 00000000 00000000
001230 00000000 00000000 00000000 00000000
001240 00000000 00000000 00000000 00000000
001250 00000000 00000000 00000000 00000000
001260 00000000 00000000 00000000 00000000
001270 00000000 00000000 00000000 00000000
001280 00000000 00000000 00000000 00000000
001290 00000000 00000000 00000000 00000000
0012a0 00000000 00000000 00000000 00000000
0012b0 00000000 00000000 00000000 00000000
0012c0 00000000 00000000 00000000 00000000
0012d0 00000000 00000000 00000000 00000000
0012e0 00000000 00000000 00000000 00000000
0012f0 00000000 00000000 00000000 00000000
001300 00000000 00000000 00000000 00000000
001310 00000000 00000000 00000000 00000000
001320 00000000 00000000 00000000 00000000
001330 00000000 00000000 00000000 00000000
001340 00000000 00000000 00000000 00000000
001350 00000000 00000000 00000000 00000000
001360 00000000 00000000 00000000 00000000
001370 00000000 00000000 00000000 00000000
001380 00000000 00000000 00000000 00000000
001390 00000000 00000000 00000000 00000000
0013a0 00000000 00000000 00000000 00000000
0013b0 00000000 00000000 00000000 00000000
0013c0 00000000 00000000 00000000 00000000
0013d0 00000000 00000000 00000000 00000000
0013e0 00000000 00000000 00000000 00000000
0013f0 00000000 00000000 00000000 00000000
001400 00000000 00000000 00000000 00000000
001410 00000000 00000000 00000000 00000000
001420 00000000 00000000 00000000 00000000
001430 00000000 00000000 00000000 00000000
001440 00000000 00000000 00000000 00000000
001450 00000000 00000000 00000000 00000000
001460 00000000 00000000 00000000 00000000
001470 00000000 00000000 00000000 00000000
001480 00000000 00000000 00000000 00000000
001490 00000000 00000000 00000000 00000000
0014a0 00000000 00000000 00000000 00000000
0014b0 00000000 00000000 00000000 00000000
0014c0 00000000 00000000 00000000 00000000
0014d0 00000000 00000000 00000000 00000000
0014e0 00000000 00000000 00000000 00000000
0014f0 00000000 00000000 00000000 00000000
001500 00000000 00000000 00000000 00000000
001510 00000000 00000000 00000000 00000000
001520 00000000 00000000 00000000 00000000
001530 00000000 00000000 00000000 00000000
001540 00000000 00000000 00000000 00000000
001550 00000000 00000000 00000000 00000000
001560 00000000 00000000 00000000 00000000
001570 00000000 00000000 00000000 00000000
001580 00000000 00000000 00000000 00000000
001590 00000000 00000000 00000000 00000000
0015a0 00000000 00000000 00000000 00000000
0015b0 00000000 00000000 00000000 00000000
0015c0 00000000 00000000 00000000 00000000
0015d0 00000000 00000000 00000000 00000000
0015e0 00000000 00000000 00000000 00000000
0015f0 00000000 00000000 00000000 00000000
001600 00000000 00000000 00000000 00000000
001610 00000000 00000000 00000000 00000000
001620 00000000 00000000 00000000 00000000
001630 00000000 00000000 00000000 00000000
001640 00000000 00000000 00000000 00000000
001650 00000000 00000000 00000000 00000000
001660 00000000 00000000 00000000 00000000
001670 00000000 00000000 00000000 00000000
001680 00000000 00000000 00000000 00000000
001690 00000000 00000000 00000000 00000000
0016a0 00000000 00000000 00000000 00000000
0016b0 00000000 00000000 00000000 00000000
0016c0 00000000 00000000 00000000 00000000
0016d0 00000000 00000000 00000000 00000000
0016e0 00000000 00000000 00000000 00000000
0016f0 00000000 00000000 00000000 00000000
001700 00000000 00000000 00000000 00000000
001710 00000000 00000000 00000000 00000000
001720 00000000 00000000 00000000 00000000
001730 00000000 00000000 00000000 00000000
001740 00000000 00000000 00000000 00000000
001750 00000000 00000000 00000000 00000000
001760 00000000 00000000 00000000 00000000
001770 00000000 00000000 00000000 00000000
001780 00000000 00000000 00000000 00000000
001790 00000000 00000000 00000000 00000000
0017a0 00000000 00000000 00000000 00000000
0017b0 00000000 00000000 00000000 00000000
0017c0 00000000 00000000 00000000 00000000
0017d0 00000000 00000000 00000000 00000000
0017e0 00000000 00000000 00000000 00000000
0017f0 00000000 00000000 00000000 00000000
001800 00000000 00000000 00000000 00000000
001810 00000000 00000000 00000000 00000000
001820 00000000 00000000 00000000 00000000
001830 00000000 00000000 00000000 00000000
001840 00000000 00000000 00000000 00000000
001850 00000000 00000000 00000000 00000000
001860 00000000 00000000 00000000 00000000
001870 00000000 00000000 00000000 00000000
001880 00000000 00000000 00000000 00000000
001890 00000000 00000000 00000000 00000000
0018a0 00000000 00000000 00000000 00000000
0018b0 00000000 00000000 00000000 00000000
0018c0 00000000 00000000 00000000 00000000
0018d0 00000000 00000000 00000000 00000000
0018e0 00000000 00000000 00000000 00000000
0018f0 00000000 00000000 00000000 00000000
001900 00000000 00000000 00000000 00000000
001910 00000000 00000000 00000000 00000000
001920 00000000 00000000 00000000 00000000
001930 00000000 00000000 00000000 00000000
001940 00000000 00000000 00000000 00000000
001950 00000000 00000000 00000000 00000000
001960 00000000 00000000 00000000 00000000
001970 00000000 00000000 00000000 00000000
001980 00000000 00000000 00000000 00000000
001990 00000000 00000000 00000000 00000000
0019a0 00000000 00000000 00000000 00000000
0019b0 00000000 00000000 00000000 00000000
0019c0 00000000 00000000 00000000 00000000
0019d0 00000000 00000000 00000000 00000000
0019e0 00000000 00000000 00000000 00000000
0019f0 00000000 00000000 00000000 00000000
001a00 00000000 00000000 00000000 00000000
001a10 00000000 00000000 00000000 00000000
001a20 00000000 00000000 00000000 00000000
001a30 00000000 00000000 00000000 00000000
001a40 00000000 00000000 00000000 00000000
001a50 00000000 00000000 00000000 00000000
001a60 00000000 00000000 00000000 00000000
001a70 00000000 00000000 00000000 00000000
001a80 00000000 00000000 00000000 00000000
001a90 00000000 00000000 00000000 00000000
001aa0 00000000 00000000 00000000 00000000
001ab0 00000000 00000000 00000000 00000000
001ac0 00000000 00000000 00000000 00000000
001ad0 00000000 00000000 00000000 00000000
001ae0 00000000 00000000 00000000 00000000
001af0 00000000 00000000 00000000 00000000
001b00 00000000 00000000 00000000 00000000
001b10 00000000 00000000 00000000 00000000
001b20 00000000 00000000 00000000 00000000
001b30 00000000 00000000 00000000 00000000
001b40 00000000 00000000 00000000 00000000
001b50 00000000 00000000 00000000 00000000
001b60 00000000 00000000 00000000 00000000
001b70 00000000 00000000 00000000 00000000
001b80 00000000 00000000 00000000 00000000
001b90 00000000 00000000 00000000 00000000
001ba0 00000000 00000000 00000000 00000000
001bb0 00000000 00000000 00000000 00000000
001bc0 00000000 00000000 00000000 00000000
001bd0 00000000 00000000 00000000 00000000
001be0 00000000 00000000 00000000 00000000
001bf0 00000000 00000000 00000000 00000000
001c00 00000000 00000000 00000000 00000000
001c10 00000000 00000000 00000000 00000000
001c20 00000000 00000000 00000000 00000000
001c30 00000000 00000000 00000000 00000000
001c40 00000000 00000000 00000000 00000000
001c50 00000000 00000000 00000000 00000000
001c60 00000000 00000000 00000000 00000000
001c70 00000000 00000000 00000000 00000000
001c80 00000000 00000000 00000000 00000000
001c90 00000000 00000000 00000000 00000000
001ca0 00000000 00000000 00000000 00000000
001cb0 00000000 00000000 00000000 00000000
001cc0 00000000 00000000 00000000 00000000
001cd0 00000000 00000000 00000000 00000000
001ce0 00000000 00000000 00000000 00000000
001cf0 00000000 00000000 00000000 00000000
001d00 00000000 00000000 00000000 00000000
001d10 00000000 00000000 00000000 00000000
001d20 00000000 00000000 00000000 00000000
001d30 00000000 00000000 00000000 00000000
001d40 00000000 00000000 00000000 00000000
001d50 00000000 00000000 00000000 00000000
001d60 00000000 00000000 00000000 00000000
001d70 00000000 00000000 00000000 00000000
001d80 00000000 00000000 00000000 00000000
001d90 00000000 00000000 00000000 00000000
001da0 00000000 00000000 00000000 00000000
001db0 00000000 00000000 00000000 00000000
001dc0 00000000 00000000 00000000 00000000
001dd0 00000000 00000000 00000000 00000000
001de0 00000000 00000000 00000000 00000000
001df0 00000000 00000000 00000000 00000000
001e00 00000000 00000000 00000000 00000000
001e10 00000000 00000000 00000000 00000000
001e20 00000000 00000000 00000000 00000000
001e30 00000000 00000000 00000000 00000000
001e40 00000000 00000000 00000000 00000000
001e50 00000000 00000000 00000000 00000000
001e60 00000000 00000000 00000000 00000000
001e70 00000000 00000000 00000000 00000000
001e80 00000000 00000000 00000000 00000000
001e90 00000000 00000000 00000000 00000000
001ea0 00000000 00000000 00000000 00000000
001eb0 00000000 00000000 00000000 00000000
001ec0 00000000 00000000 00000000 00000000
001ed0 00000000 00000000 00000000 00000000
001ee0 00000000 00000000 00000000 00000000
001ef0 00000000 00000000 00000000 00000000
001f00 00000000 00000000 00000000 00000000
001f10 00000000 00000000 00000000 00000000
001f20 00000000 00000000 00000000 00000000
001f30 00000000 00000000 00000000 00000000
001f40 00000000 00000000 00000000 00000000
001f50 00000000 00000000 00000000 00000000
001f60 00000000 00000000 00000000 00000000
001f70 00000000 00000000 00000000 00000000
001f80 00000000 00000000 00000000 00000000
001f90 00000000 00000000 00000000 00000000
001fa0 00000000 00000000 00000000 00000000
001fb0 00000000 00000000 00000000 00000000
001fc0 00000000 00000000 00000000 00000000
001fd0 00000000 00000000 00000000 00000000
001fe0 00000000 00000000 00000000 00000000
001ff0 00000000 00000000 00000000 00000000
002000 00000000 00000000 00000000
00200c
